4134
4809
4811
4812
4816
4835
23650
23724
38283
58461
58466
58517
58518
58539
58540
58541
58542
58543
58563
58571
58772
58777
59265
63835
63838
131285
131325
132225
132437
132833
133774
133775
133776
134238
134419
134425
134756
134760
134761
134762
134763
134764
134765
134766
134768
134769
134770
134772
134773
134774
134775
135089
136188
136190
136195
136198
136199
136200
137266
137401
137402
137688
137689
137692
137693
137694
137695
137697
137699
138169
138387
138409
138436
138513
138514
138570
138597
138635
138641
138679
138991
139462
139587
139767
139887
140053
140056
140083
140238
140245
140246
140247
140248
140249
140250
140251
140252
140253
140254
140255
140256
140257
140258
140259
140260
140261
140265
140276
140278
140279
140290
140291
140292
140293
140294
140295
140296
140297
140298
140299
140300
140301
140302
140303
140308
140309
140310
140311
140312
140313
140314
140315
140316
140317
140318
140319
140320
140328
140329
140330
140331
140332
140333
140334
140335
140336
140337
140345
140346
140347
140348
140349
140350
140351
140352
140353
140354
140355
140356
140357
140358
140359
140360
140361
140364
140365
140366
140367
140368
140369
140370
140371
140372
140373
140374
140375
140376
140377
140378
140483
140484
140485
140486
140487
140488
140489
140490
140491
140492
140493
140494
140495
140496
140497
140508
140509
140510
140511
140512
140513
140514
140515
140516
140517
140518
140519
140520
140521
140522
140527
140528
140529
140530
140531
140532
140533
140534
140535
140536
140537
140538
140553
140636
140638
140647
140648
140649
140650
140651
140652
140653
140654
140655
140656
140657
140852
140853
140854
140855
140856
140857
140858
140859
140860
140861
140862
140863
140903
141679
141739
141771
141998
142404
142608
146966
147038
148969
148981
149178
149837
149979
150145
141025